0 0 0 5 5 5 0 0 0 0 0 0 0 0 0 0 0 0 0 0 
0 0 0 5 2 5 0 0 0 0 0 0 0 0 0 0 0 0 0 0
5 5 5 5 0 5 0 0 0 0 0 0 0 0 0 0 0 0 0 0 
5 2 3 0 3 5 5 5 0 0 0 0 0 0 0 0 0 0 0 0
5 5 5 1 3 0 2 5 0 0 0 0 0 0 0 0 0 0 0 0
0 0 5 3 5 5 5 5 0 0 0 0 0 0 0 0 0 0 0 0
0 0 5 2 5 0 0 0 0 0 0 0 0 0 0 0 0 0 0 0 
0 0 5 5 5 0 0 0 0 0 0 0 0 0 0 0 0 0 0 0
0 0 0 0 0 0 0 0 0 0 0 0 0 0 0 0 0 0 0 0
0 0 0 0 0 0 0 0 0 0 0 0 0 0 0 0 0 0 0 0  
0 0 0 0 0 0 0 0 0 0 0 0 0 0 0 0 0 0 0 0  
0 0 0 0 0 0 0 0 0 0 0 0 0 0 0 0 0 0 0 0  
0 0 0 0 0 0 0 0 0 0 0 0 0 0 0 0 0 0 0 0  
0 0 0 0 0 0 0 0 0 0 0 0 0 0 0 0 0 0 0 0  
0 0 0 0 0 0 0 0 0 0 0 0 0 0 0 0 0 0 0 0  
0 0 0 0 0 0 0 0 0 0 0 0 0 0 0 0 0 0 0 0  
0 0 0 0 0 0 0 0 0 0 0 0 0 0 0 0 0 0 0 0  
0 0 0 0 0 0 0 0 0 0 0 0 0 0 0 0 0 0 0 0  
0 0 0 0 0 0 0 0 0 0 0 0 0 0 0 0 0 0 0 0  
0 0 0 0 0 0 0 0 0 0 0 0 0 0 0 0 0 0 0 0    